A1: 1.919795967174503
A2: 45535.47271902934
E: 2100000000.0
L: 1.0
P: 1.0
nu: 0.3
rho: 7800
theta: 45
